import 'dart:convert';
import 'dart:core';

var seeds = [3640772818, 104094365, 1236480411, 161072229, 376099792, 370219099, 1590268366, 273715765, 3224333694, 68979978, 2070154278, 189826014, 3855332650, 230434913, 3033760782, 82305885, 837883389, 177854788, 2442602612, 571881366];

var seedToSoilMap = [
  [496269031, 1203272644, 52136246],
[548405277, 496269031, 457095898],
[1005501175, 953364929, 249907715]];

var soilToFertilizerMap = [
  [217408321, 2086205436, 25053699],
[2604208456, 1670861921, 31003781],
[1631572552, 0, 258383552],
[129225554, 3768288787, 36192668],
[2421205388, 2905533654, 126666762],
[242462020, 3399542287, 357404885],
[866152503, 3032200416, 253960559],
[2039921781, 2262442546, 381283607],
[2635212237, 2714844607, 190689047],
[3613008578, 1753855801, 23976114],
[3636984692, 1503365158, 167496763],
[1340671861, 2111259135, 274956],
[1889956104, 806620565, 149965677],
[0, 3286160975, 113381312],
[2987089260, 956586242, 546778916],
[2547872150, 3756947172, 11341615],
[3846919647, 3807789063, 43277850],
[3533868176, 258383552, 79140402],
[165418222, 1701865702, 51990099],
[1120113062, 586061766, 220558799],
[2559213765, 2217447855, 44994691],
[3807789063, 4255836712, 39130584],
[3890197497, 3851066913, 404769799],
[1340946817, 1777831915, 42087923],
[2881175496, 2111534091, 105913764],
[113381312, 2643726153, 15844242],
[1383034740, 337523954, 248537812],
[2825901284, 2659570395, 55274212],
[599866905, 1819919838, 266285598]];

var fertilizerToWaterMap = [
  [3950520280, 1751042330, 139651634],
[936578795, 3912173308, 42397072],
[3553681000, 1722281506, 28760824],
[697953317, 651809140, 90189394],
[3582441824, 876081661, 368078456],
[978975867, 2358439651, 252255693],
[1495879532, 2678320518, 199775133],
[1910380638, 3308279888, 122339216],
[3355092099, 1561901004, 91630618],
[3187667509, 2033753243, 70292073],
[2752202873, 3816184128, 41568037],
[648600286, 479585511, 49353031],
[3149600631, 2356473769, 1965882],
[1695654665, 2629130810, 49189708],
[201901143, 385568770, 94016741],
[536376004, 741998534, 3182157],
[2472303091, 3954570380, 279899782],
[539558161, 257732262, 15304877],
[3131165165, 2610695344, 18435466],
[3446722717, 1890693964, 106958283],
[2793770910, 1653531622, 40823934],
[9849113, 65680232, 192052030],
[2878736712, 2104045316, 252428453],
[1792836692, 2878095651, 117543946],
[2172585320, 1244160117, 273599019],
[2060645804, 3884012463, 28160845],
[3257959582, 3719051611, 97132517],
[408449515, 745180691, 127926489],
[876081661, 4234470162, 60497134],
[1231231560, 3043631916, 264647972],
[3151566513, 1997652247, 36100996],
[2446184339, 3430619104, 26118752],
[803816626, 582518586, 69290554],
[554863038, 9849113, 40157204],
[2146325022, 3857752165, 26260298],
[788142711, 50006317, 15673915],
[295917884, 273037139, 112531631],
[2834594844, 1517759136, 44141868],
[4090171914, 3456737856, 204795382],
[2088806649, 3661533238, 57518373],
[1744844373, 2995639597, 47992319],
[2032719854, 1694355556, 27925950],
[595020242, 528938542, 53580044]];

var waterToLightMap = [
[556810106, 840812947, 14926117],
[2598413684, 2184905392, 114045192],
[2130064037, 1600958027, 248227533],
[1271028210, 1253957270, 39538107],
[3521286912, 4262821917, 32145379],
[1930562940, 1944404618, 64932992],
[4252373354, 3302720391, 42593942],
[1109026743, 279496091, 162001467],
[725777554, 2565853410, 3969864],
[2712458876, 1330352326, 185715465],
[4039742261, 3173278185, 129442206],
[0, 2064417497, 120487895],
[299311037, 855739064, 257499069],
[729747418, 1849185560, 95219058],
[1373001379, 767226476, 66231296],
[571736223, 688212171, 79014305],
[1878676528, 2890412515, 51886412],
[2898174341, 682278717, 5933454],
[1781236499, 441497558, 97440029],
[3090089298, 3673052565, 50139248],
[1365646204, 833457772, 7355175],
[1738475707, 2412172480, 42760792],
[1995495932, 2569823274, 134568105],
[3193548680, 3476912261, 196140304],
[824966476, 538937587, 143341130],
[3553432291, 3723191813, 486309970],
[3140228546, 4209501783, 53320134],
[968307606, 1113238133, 140719137],
[4169184467, 3090089298, 83188887],
[650750528, 204469065, 75027026],
[1439232675, 2704391379, 186021136],
[2511835025, 1516067791, 84890236],
[1625253811, 2298950584, 113221896],
[3389688984, 3345314333, 131597928],
[2378291570, 0, 22623317],
[2596725261, 2942298927, 1688423],
[1310566317, 2009337610, 55079887],
[2940964744, 201446459, 3022606],
[120487895, 22623317, 178823142],
[2904107795, 1293495377, 36856949],
[2400914887, 2454933272, 110920138]
];

var lightToTemperatureMap = [
[1244459013, 624435822, 80444775],
[2608592263, 3309263777, 172991510],
[3165402867, 2278806547, 335097905],
[292819381, 1643978777, 105413752],
[704475267, 462426854, 15399493],
[3696584161, 2678497330, 345840247],
[2891254573, 3613542439, 34162874],
[1894523870, 281665589, 180761265],
[1706897891, 1456352798, 187625979],
[398233133, 1877125477, 198159658],
[4176101046, 3482255287, 104541624],
[2278806547, 3662029939, 329785716],
[3500500772, 4098883907, 196083389],
[4280642670, 3647705313, 14324626],
[4149492660, 3024337577, 11203522],
[85784517, 0, 207034864],
[2925417447, 3231118601, 78145176],
[0, 1749392529, 85784517],
[4160696182, 3215713737, 15404864],
[4042424408, 3991815655, 107068252],
[1129076520, 207034864, 74630725],
[596392791, 1348270322, 108082476],
[3100809989, 2613904452, 64592878],
[1326100451, 1114082357, 234187965],
[2864509045, 3586796911, 26745528],
[2781583773, 3132788465, 82925272],
[1560288416, 477826347, 146609475],
[3003562623, 3035541099, 97247366],
[719874760, 704880597, 409201760],
[1324903788, 1875928814, 1196663],
[1203707245, 1835177046, 40751768]
];

void main() {  
  
  
   LineSplitter ls = const LineSplitter();
   List<String> lines = ls.convert("");
  
  var sum = 0;
  RegExp exp = RegExp(r'[a-z]*(\d{1}).*?(\d?)[a-z]*$');
  
  for(var line in lines) {
    RegExpMatch? match = exp.firstMatch(line)!;
    var firstDigit = match.group(1)!;
    String secondDigit;
    if(match.group(2) == null || match.group(2)!.isEmpty) {
      secondDigit = firstDigit;
    } else {
      secondDigit = match.group(2)!;
    }
        
    var number = int.parse(firstDigit + secondDigit);
    sum = sum + number;
    
    print('${number.toString()} - ${sum.toString()}');
  }
  print(sum);
}


